model settings:
2
5
16
1.000000
0
91
ñars stats:
0 1 465.000000 632.055786 2 0 3 115.405594
0 2 373.000000 38.757275 3 0 2 110.405594
0 1 420.000000 655.693970 1 1 13 123.405594
0 2 328.000000 -2.597222 2 0 0 124.405594
0 2 328.000000 472.082977 2 0 3 114.405594
0 6 787.540588 485.000000 1 1 18 254.725479
0 1 420.000000 285.082489 1 0 12 111.405594
0 4 220.042038 135.000000 1 0 4 0.000000
0 4 220.018860 175.000000 2 0 11 0.000000
0 5 638.950806 605.000000 1 0 16 0.000000
0 3 638.959351 215.000000 1 0 7 0.000000
0 3 638.999939 255.000000 2 0 7 0.000000
0 5 638.975891 643.000000 2 0 16 0.000000
0 4 754.101013 135.000000 1 1 18 322.058990
0 5 682.506409 685.000000 3 0 4 222.339600
0 5 805.089966 685.000000 3 0 2 195.027100
